46.1726
68.5210
51.1151
45.8590
55.2119
36.5653
37.4119
39.8117
51.7002
39.0224
60.9852
57.5394
51.1153
60.0048
53.7600
59.3946
56.9927
46.5575
28.6068
35.9337
100.0000
26.4652
41.0366
34.0986
35.4375
68.5800
36.7720
47.5139
61.8375
27.9421
65.9569
56.1506
60.1028
40.4552
45.1044
44.7598
50.3275
80.4174
34.5054
58.8278
28.4624
63.4313
52.2704
48.4342
32.4572
41.8726
55.3069
54.8775
24.1362
46.6182
63.8038
32.6223
39.9376
76.2892
33.2922
45.4186
48.3371
52.2026
63.6036
61.0280
58.6525
70.0582
75.0298
50.6048
44.8563
30.2715
42.7428
28.0979
65.4804
52.6103
72.4592
52.2574
68.3768
24.5690
56.3418
81.2360
61.1613
38.8419
54.0647
32.7583
39.2779
38.0515
46.5832
55.9963
61.4350
68.7476
27.0193
51.1694
52.5881
32.6097
44.9469
55.8937
61.7360
46.6128
39.8620
26.2217
54.1730
28.8572
42.1868
63.1088
26.9832
63.1053
28.4753
17.0858
65.0038
57.1040
50.5114
75.2065
49.9508
49.1303
68.1509
27.5042
52.6255
48.8461
36.6345
40.8064
27.4826
72.1957
40.4541
40.1726
49.5857
52.1968
58.6119
39.1418
31.7843
45.7420
44.5166
43.0470
62.8252
59.1041
50.0541
89.6841
50.7027
52.6895
77.9019
48.4498
37.9685
53.4380
35.6786
71.5364
38.2466
35.5897
33.8785
79.0641
60.6925
50.2407
56.5853
61.1252
72.5095
55.0352
15.6382
39.0792
44.9560
80.6321
34.8281
53.8752
40.7416
25.8016
48.8589
36.0681
61.6512
52.4628
87.7408
26.6763
16.2612
38.5437
42.4013
36.8533
47.9915
54.2434
45.6426
44.8818
45.5819
71.7822
32.9871
57.5838
73.8247
55.7059
49.0800
43.4753
56.9303
45.7444
34.6536
68.1980
56.6109
54.3730
54.7880
65.7160
72.3939
27.7030
51.8773
36.7951
46.9073
43.9782
30.6328
46.5666
24.6473
61.7972
54.8391
68.9933
42.9600
42.0145
64.2236
46.9870
71.7275
46.6095
35.1491
30.8069
37.0139
59.3990
69.5060
67.7305
72.3615
37.0216
76.4749
42.8682
53.8854
53.0447
78.9273
49.1784
31.1160
65.2095
0.0000
78.1866
38.3342
44.6855
52.6073
48.1289
46.9054
48.0541
58.6792
50.4318
74.0259
43.3170
52.4106
55.4580
53.6711
76.4602
33.6163
52.1825
42.4330
61.9894
49.7356
51.5396
43.9253
71.1908
22.6784
59.4246
40.4348
44.6414
52.8991
55.8560
38.6894
52.2104
57.5622
39.6795
31.9521
33.3898
50.2614
49.8470
54.2179
56.2829
48.1367
29.9742
50.3543
51.4766
49.6722
35.1485
32.1602
45.0606
52.6604
23.9706
54.4769
40.5041
70.4580
49.2743
48.3761
41.5994
66.6071
44.3463
62.2055
58.7167
57.6515
53.9547
61.0262
60.6245
49.3734
27.7957
40.7368
52.4624
54.4026
47.0360
60.2697
62.6700
51.2212
42.5551
51.3966
66.3564
39.7035
65.1160
41.6107
35.3224
62.9525
64.0536
29.0145
27.8755
70.2440
29.7751
51.1560
27.6193
63.1652
50.5250
52.5449
54.0323
45.9041
32.9230
67.4385
31.8395
45.5670
46.6761
54.8297
46.6881
75.8248
66.9720
45.0653
51.2749
62.4009
37.8108
33.9428
52.1119
56.5532
40.0999
32.7638
44.2971
38.7446
49.1108
57.8294
45.7539
47.5902
45.0829
55.4066
68.8510
59.6824
34.4449
68.7244
40.6481
50.4354
24.2894
38.9099
31.0917
63.3390
55.8126
43.4752
41.6948
60.9174
53.3672
32.0886
65.3812
11.1908
20.9225
72.6698
44.6426
56.5735
52.8667
69.5633
62.2256
59.7578
60.6306
73.1275
66.0044
43.1950
32.8440
60.9618
55.6446
61.3563
73.1745
59.5079
59.3040
53.5732
42.0285
61.6672
34.2612
52.8170
41.0717
53.2897
42.4123
38.0072
63.1363
30.3460
43.0928
53.2191
52.8467
75.1359
63.5238
47.5862
63.2746
48.5380
56.2322
67.0083
64.3345
73.3940
78.9682
65.1826
26.8504
66.2298
35.2554
45.0687
39.3435
44.5902
64.1357
57.1680
48.6603
43.1260
31.5504
67.5052
68.3961
49.8985
52.9675
28.7943
33.4575
62.2061
37.3484
47.2284
47.5280
50.9867
37.1224
51.0446
38.2065
40.3511
27.2305
49.4357
70.2719
55.3605
71.8180
34.2262
42.1819
44.7229
51.6407
52.6476
41.4225
64.0005
51.1795
34.1111
47.9494
45.4344
65.7127
39.6866
15.7319
50.7927
48.7484
17.7936
76.4323
24.5684
59.1574
57.4978
59.0102
45.7331
38.6386
60.5339
53.8199
65.2673
47.5662
48.9868
71.1581
44.6135
56.2633
69.0820
29.5030
55.1607
57.0528
45.3850
36.8647
56.0794
46.3300
53.2315
65.5446
40.2722
47.4983
61.4320
58.6994
67.8670
54.0951
47.4301
33.0808
50.4745
49.4725
43.7119
41.6311
51.6625
40.4697
37.7656
70.1099
51.9143
42.4129
35.0700
47.3171
51.3385
44.4882
55.6690
40.9208
53.2270
20.9325
38.6493
48.4027
41.0245
60.1943
52.4345
61.0856
35.5433
61.5081
45.0984
76.4986
38.1074
53.9462
48.2642
54.3658
42.1473
42.8929
41.2235
61.7810
56.8478
58.2714
41.5341
35.2378
40.2694
37.9420
33.1097
26.9099
40.9827
41.6520
35.3508
35.3794
29.2630
82.3849
53.8009
35.2028
60.1954
35.0444
70.5406
44.7667
41.6295
51.0793
55.7793
37.1993
59.3436
61.5400
65.6479
70.0250
37.2339
65.3273
48.0126
62.4218
79.6640
90.7976
65.9858
61.2077
45.6702
76.3158
81.0508
20.1114
41.2567
68.6992
53.3660
66.8389
38.8500
50.4060
63.3954
49.0583
41.4425
53.8831
50.4884
47.5223
45.6534
38.1995
49.0697
35.4464
50.1218
54.7009
50.9846
38.3180
34.8876
67.5619
59.7398
57.3567
40.0722
43.0793
34.1922
33.6259
33.6226
44.1667
53.5229
39.8546
21.4377
12.4200
59.8297
45.6120
66.1622
66.6292
53.4899
32.7726
54.6624
33.2011
42.8211
57.7191
53.2597
55.4641
48.0519
56.8916
53.3105
53.1739
48.8664
48.6508
48.7923
58.4039
33.0955
78.8444
41.1681
59.4227
73.2886
27.2087
37.4929
62.6428
48.0191
48.6111
42.9139
43.5895
30.5664
30.9641
58.1035
38.5003
70.8510
49.9720
52.4188
56.7360
58.2763
13.9764
78.2707
28.5940
44.4621
76.8716
58.5751
38.5716
47.4000
27.5669
38.1220
37.9303
50.9429
42.6136
53.7764
56.2803
51.2216
51.0160
77.6162
65.1425
55.4785
40.6378
57.0568
46.2092
55.9781
51.1983
70.8666
57.5210
30.5246
58.3545
41.3073
32.7733
56.8183
54.4244
70.6680
47.4743
64.1546
56.8441
38.1415
68.0903
77.2054
69.3622
50.0192
69.6454
44.2246
26.9575
44.7640
24.0592
57.8673
59.9466
46.9815
58.9842
78.0532
62.5867
41.1845
53.6254
49.5004
56.8762
27.7908
54.0827
50.2653
48.4822
36.6616
40.1973
48.3650
36.6334
32.2877
53.7609
74.1753
48.7342
67.0314
79.5941
56.7752
44.9161
46.9236
55.9910
73.5066
48.3731
35.6444
48.8432
32.4358
56.8596
38.1161
57.1947
24.4381
51.1184
50.7229
70.4194
64.9666
52.9839
66.6114
55.8365
30.2799
77.6052
54.2435
38.2029
31.8317
69.4616
44.0244
47.1649
55.7225
23.3283
12.4565
31.6519
23.5318
30.3204
44.9924
63.4005
54.7921
69.5392
44.3720
67.4762
46.1935
46.3207
70.9264
44.2848
49.8687
61.1157
45.1529
48.4384
26.5871
55.3763
63.8820
47.1361
38.9054
44.2171
59.5609
46.5332
47.9465
43.3131
40.6518
64.8249
42.8849
60.5854
56.8501
53.3943
46.5225
46.6350
51.8961
55.8594
36.1730
47.7022
52.0813
39.9186
43.5134
29.4966
50.3417
58.7700
28.9050
37.7707
68.6954
71.0909
28.7962
79.0260
34.7570
74.3798
58.6282
46.9849
26.8916
51.5504
46.1067
35.5057
55.8500
62.0315
46.1362
45.0015
34.4285
50.6157
32.1226
55.5398
37.6003
88.0520
46.3639
58.0608
38.2528
31.5948
75.4984
70.9216
54.0832
55.2325
42.6042
65.8022
51.5314
50.5421
49.2314
48.5683
63.2277
57.3765
56.8816
46.6596
26.9504
74.5852
66.9792
25.8257
31.2803
25.0597
36.0666
35.9583
64.9626
28.3109
45.6499
39.2620
54.9602
67.8267
24.7973
38.8930
70.9086
45.5221
45.4560
44.0402
80.8191
30.2936
20.4989
49.5571
55.6445
55.4358
55.9687
55.8656
39.6632
29.6130
43.4604
63.4546
62.5915
30.0995
40.1200
51.7616
59.9261
54.7732
59.6994
51.1940
47.9168
60.0333
46.2779
65.2702
49.6315
36.5145
54.7503
43.1124
37.1831
53.1053
43.1819
39.1348
51.2871
31.2568
44.4658
67.2975
50.3646
73.7081
55.4031
25.2989
39.2446
41.9816
30.2621
49.8803
37.5318
57.8013
34.4656
42.2106
40.9320
52.7898
64.7292
35.3484
46.6100
46.1926
50.7501
42.2284
38.2064
51.2286
46.1165
53.7773
70.7593
60.4107
56.0409
34.5319
38.2870
91.9939
50.7163
54.9082
71.8833
43.0343
29.8731
39.6105
43.9468
54.6513
54.4266
51.6660
62.1953
64.2013
56.9736
51.5491
25.9849
39.0639
54.1446
41.8892
36.3953
35.1952
35.7801
43.4710
53.3819
42.3968
41.7622
14.1681
52.5539
65.6687
52.4825
25.5832
67.8721
58.8563
47.3694
34.7894
61.5924
46.7591
59.7831
35.0972
43.6961
66.7743
79.4106
67.3711
25.7661
60.8934
49.2977
7.3622
64.7165
52.8954
47.4306
49.2456
43.0428
68.3674
80.3288
43.0395
54.8299
64.6794
59.1484
39.3454
59.9126
40.3108
59.4669
49.5004
9.3383
68.2277
75.9892
43.4934
54.1608
83.3877
39.9625
51.3255
42.4677
36.4014
46.4062
22.8210
67.0029
73.8364
47.7150
71.0624
18.9193
76.1061
50.4100
42.7075
44.2395
55.3903
56.8810
51.6852
38.0498
62.1974
63.4470
52.7658
