45.5980
31.0155
51.6948
45.6438
44.8580
44.5765
32.0958
74.4424
66.2152
31.3366
58.1095
34.4779
38.0123
47.4573
63.7489
80.3690
44.2459
43.6076
32.6233
63.6205
54.2678
31.0931
61.0626
57.1440
66.9421
43.6269
41.1223
70.7867
63.0623
63.1526
49.4315
66.0353
44.6881
38.9049
26.9465
32.9275
47.6712
52.6028
44.7870
100.0000
42.1744
76.0365
57.8124
32.9925
36.3908
59.1556
58.3393
31.3030
32.8471
58.1678
35.7218
60.5801
83.5880
42.9893
46.3576
41.1635
78.9309
50.4120
52.7581
58.2319
57.7881
38.8756
58.7881
73.6137
73.5590
31.0610
12.2759
31.4201
36.4008
49.7562
32.7107
46.5854
57.5909
68.0385
57.4411
80.7591
38.6847
53.3186
46.9857
56.6469
45.8722
36.2991
49.9336
62.1384
58.1903
54.9748
43.3707
47.6106
73.7588
57.6003
39.1347
45.5176
79.2208
91.5315
35.4950
73.8906
66.4799
46.4484
62.7825
43.7407
52.7603
58.7915
74.0288
20.1599
26.9891
58.8643
60.1491
44.8812
51.5116
75.3155
49.5586
71.6379
59.1614
67.5658
61.0515
31.9313
71.8749
41.1242
53.4763
58.6812
62.1715
49.2838
72.0314
33.5865
33.1533
57.8358
41.7247
64.8786
66.9278
36.8657
56.9642
65.4223
62.0138
59.7056
47.8364
60.0038
76.4671
13.3342
73.7063
42.5681
64.6548
65.7646
21.8446
45.6629
92.0709
69.4189
32.5632
39.6540
65.0250
57.2262
34.8325
58.1365
38.7240
47.5222
60.7737
52.0015
49.2650
70.4075
29.2685
84.1048
36.5440
68.3481
74.7920
72.5412
28.9523
47.8905
52.2503
63.8918
74.1403
41.8584
80.1323
44.1927
82.0862
58.6946
22.8938
60.3372
67.8838
37.7881
55.4590
30.8815
35.8302
45.6741
42.9880
87.8740
28.0471
47.4587
58.0784
42.0163
41.0670
79.6075
57.2520
62.8059
47.6737
41.2584
49.8536
37.2902
33.3706
32.9644
55.0291
45.1055
57.8797
53.0249
45.3270
50.7422
34.9233
38.7282
59.8108
68.2710
25.3639
67.9399
62.0370
74.9908
33.4794
59.2244
30.4738
58.2402
59.5005
82.9394
8.0031
49.6760
50.4080
34.5573
53.2238
28.1783
52.8385
39.1992
55.3834
11.5934
19.8323
42.1193
40.2946
43.4371
53.3574
60.6697
77.5027
54.4952
53.7545
56.7547
59.5191
24.1025
63.2613
30.0189
59.4662
58.0410
49.5110
56.4938
34.0003
57.8209
53.9470
82.0298
58.8191
45.2387
23.1648
39.5123
39.5368
68.9378
55.4364
65.5040
87.9751
67.8438
31.0628
64.4372
58.9564
41.8997
38.6454
36.6806
62.7220
64.8964
48.2959
51.8051
67.4026
40.9897
55.3186
41.8104
53.5927
23.0940
59.5413
48.2276
42.7565
35.0257
33.6265
60.2029
62.4062
50.1731
51.6857
22.0455
29.4600
52.4630
65.5559
39.6165
33.1285
80.1177
85.3160
37.7417
36.8339
40.5037
35.4370
61.9552
48.3158
59.8098
57.2600
68.6788
51.6007
24.2520
65.4428
52.3071
35.5548
50.7216
31.4403
50.0715
84.5484
56.6182
29.6890
52.6830
40.7637
57.1423
80.2396
37.7487
52.5183
58.6851
32.7416
27.2552
70.6208
48.3036
28.8087
57.0187
31.4762
61.4449
41.8086
47.5463
18.3519
48.7616
77.5771
43.7249
30.7113
65.6999
86.7485
52.8641
56.0673
52.3675
50.6200
43.6806
74.9728
23.8711
71.9430
36.6526
63.1954
49.9951
60.9125
51.3831
41.2192
55.6601
0.2310
53.2664
41.5949
12.8774
67.4579
38.4164
51.7967
48.2787
52.8397
82.0717
43.7603
77.9413
60.4754
39.2848
62.4163
68.0121
78.7582
77.8078
27.6331
70.8479
61.8953
29.7185
67.3925
44.5645
45.1283
60.2112
60.5691
35.8324
38.3632
54.3868
46.8327
80.4904
52.7304
71.4328
65.3186
29.6641
64.8386
42.4028
73.2948
61.9775
51.8139
64.6043
62.0860
61.8310
17.0336
70.1399
34.0156
49.1159
81.8149
33.3436
57.7343
27.2830
58.3127
54.7465
56.9157
78.1162
56.2392
68.5098
42.3279
33.0628
50.4462
56.3511
54.3109
46.9295
30.9622
64.3643
54.6236
54.9524
45.4960
61.1900
30.8683
58.6211
38.1412
53.2234
67.7026
57.1129
40.8849
17.2089
72.7767
56.1580
36.8556
25.1885
43.1956
26.3795
38.5539
51.4117
43.7733
70.0660
42.3591
46.9963
41.4410
70.6606
45.4701
52.1168
47.6880
48.4834
45.9018
61.3614
51.7333
77.0235
66.6706
32.1764
34.8882
73.5191
54.0814
42.4490
46.2648
44.8366
43.7345
78.9011
34.0948
31.1551
35.0185
45.2258
58.6424
53.7582
38.0653
43.2129
62.0865
48.9479
48.6053
20.4650
68.9584
33.6346
47.3974
90.5230
69.5338
79.0672
61.1797
74.9408
56.1028
47.3208
53.3312
57.5913
54.7739
44.7413
39.9330
58.2895
55.8032
41.6112
61.9687
65.9678
56.1935
57.4461
32.3889
68.0217
23.9894
61.3377
38.5981
57.5589
39.9939
62.6719
69.3631
43.7264
45.8396
52.9753
28.3722
26.7670
44.5304
61.1421
62.2973
66.6354
40.5955
51.5235
47.3686
0.8235
32.6756
46.1293
61.6404
35.3020
76.7003
69.7626
65.2767
72.8442
41.3269
43.7779
14.5364
68.8700
56.8721
45.3350
54.2608
52.2434
44.5476
38.3075
54.3935
70.3335
55.3700
33.5727
45.9256
29.3033
68.6547
80.5452
52.4478
23.5900
28.5522
61.0457
52.6636
27.0598
39.7813
67.2869
42.3904
62.0611
74.5212
28.9961
45.1542
62.4560
68.6828
33.7205
71.0564
57.6853
55.5034
59.8693
73.1066
48.0767
63.9386
54.4494
47.0015
66.6948
53.0946
52.2151
31.1218
45.4893
52.6612
44.9884
40.7104
46.4968
43.5856
60.5260
46.0565
83.1634
22.1472
57.0188
38.7490
62.1578
48.1937
54.1394
30.3243
69.3952
78.9482
70.9657
39.9041
40.6637
31.4270
77.7863
19.0365
69.0502
72.9509
32.7379
49.1418
47.9124
73.9256
51.4961
37.7327
60.3147
69.9349
31.5301
58.0833
69.5378
33.9439
50.6953
52.8855
73.7194
15.6250
46.4429
73.2237
55.6105
47.1958
73.9165
37.4276
49.7650
33.5446
52.6042
25.4672
32.3487
63.8786
54.5659
56.4234
84.4081
44.4858
46.8849
67.3868
26.2180
59.6953
63.1953
43.1990
53.6527
51.8394
55.3859
68.6660
23.5065
68.2518
42.4356
70.3731
66.1833
65.6571
12.4267
62.7150
65.3584
61.4995
71.6814
44.4165
39.4822
55.2505
17.0320
59.1533
51.3286
9.5483
54.8528
74.9541
23.8305
59.3200
77.5664
92.2632
36.0927
83.2477
50.9728
45.7585
74.8176
42.2451
31.3446
53.0445
41.8193
65.1904
87.4780
52.7125
39.6920
46.4960
31.5740
53.8925
55.4637
42.0468
32.2232
67.4694
62.1470
40.6285
57.5903
44.9764
40.3841
35.5561
62.7429
56.9992
35.2912
38.2630
47.7038
10.7981
68.5420
77.6443
29.7627
48.5676
53.6600
83.9778
51.8786
39.2221
41.0603
56.7371
55.4055
53.8240
56.6254
54.0482
45.3730
43.0363
66.8822
59.1188
57.9113
56.9485
54.7639
59.7479
51.4971
44.1002
42.2706
47.4095
36.7473
65.2959
55.7108
38.4619
53.7920
46.0906
32.8157
60.3085
55.4402
42.3804
72.5867
54.6215
58.8557
81.3362
57.4149
48.1320
58.5351
45.7067
43.3638
72.0581
71.0222
60.4439
60.8063
40.7703
39.0664
54.2420
80.6701
72.4392
49.0543
62.7777
45.6999
44.1022
59.1556
54.3620
67.7514
38.0409
54.8594
89.1228
46.6719
27.5265
49.4854
43.8107
50.4754
51.6254
63.2696
24.6502
37.0176
31.5245
21.0073
58.9793
31.0609
0.0000
63.2740
60.0469
41.3777
39.5973
55.0937
43.5155
44.3630
35.6028
69.9952
52.9287
64.1807
33.7272
60.2257
35.4872
35.4068
65.0040
64.9873
55.4660
48.4787
54.7124
47.9498
52.0733
59.9950
44.8956
34.5298
76.7706
52.7338
43.8158
36.5004
57.0589
50.2284
56.6155
64.3212
46.8557
51.5751
72.5606
42.9359
57.9004
49.7232
73.1129
70.0634
57.6016
58.9209
58.0867
56.8493
33.5503
63.6868
59.0350
24.5976
44.0073
36.1746
47.2908
61.8330
30.5387
52.8571
53.1626
55.8715
81.2727
50.3717
38.1197
59.5626
41.4098
12.2386
42.0171
42.2779
84.2983
72.4710
35.1094
37.7415
97.8883
43.2334
40.1196
91.3303
46.7073
65.9153
28.9144
73.6428
63.6215
45.0433
41.6276
52.3568
34.1679
43.4664
57.7291
68.0415
22.0239
35.1874
43.6218
39.2613
46.7323
41.2611
43.7929
53.0099
35.7827
48.3423
73.0385
53.5513
52.8135
30.8362
72.4311
58.1344
31.4336
40.2286
54.2427
26.4695
78.7830
76.0875
25.4389
65.8727
9.7256
48.3648
41.5245
79.8326
35.6558
66.6104
40.7896
58.8412
61.5675
50.5597
72.8151
40.7730
69.3008
69.8593
23.3764
62.8012
47.2454
46.4397
40.6497
47.6329
58.4548
44.5907
63.0446
77.6505
61.1315
39.0094
7.5838
64.0195
47.3317
59.2431
68.5189
66.4496
45.2284
48.9100
41.2821
24.6728
49.6312
83.9404
64.7396
43.1717
39.5598
49.0418
74.0276
4.9369
64.5282
41.4930
53.5777
39.5425
69.9514
61.4224
54.7961
42.8891
69.9039
17.1298
72.7119
59.9727
29.6915
36.4739
55.4614
88.0482
60.2122
56.8521
57.4824
31.7210
36.5072
59.7569
50.9057
81.5306
38.3518
12.0296
66.3508
73.7300
55.6055
64.4548
8.7227
38.3643
52.9920
42.3664
78.4741
55.8184
51.9892
56.0176
53.0251
62.0583
62.5787
30.8114
41.3846
28.7447
45.9378
45.3694
54.8380
57.9247
55.4201
69.1755
58.8707
85.7535
45.7779
53.8450
43.5937
66.4692
34.6234
30.1697
71.3335
68.4957
46.5808
47.6831
65.3349
41.8162
40.3109
27.2152
43.5529
43.2916
54.3770
74.7458
45.4690
68.6109
